10 1 16383 10563 0.644754
11 1 16384  6500 0.396729
12 1 16384  3664 0.223633
13 1 16384  1865 0.113831
14 1 16384   964 0.058838
15 1 16383   510 0.031130
16 1 16384   250 0.015259
17 1 16383   159 0.009705
18 1 16384   144 0.008789
19 1 16384   160 0.009766
20 1 16384   174 0.010620


10 2 16384 11831 0.722107
11 2 16384  6346 0.387329
12 2 16384  2499 0.152527
13 2 16384   811 0.049500
14 2 16384   240 0.014648
15 2 16384    72 0.004395
16 2 16384    21 0.001282
17 2 16384    14 0.000854
18 2 16384    18 0.001099
19 2 16384    17 0.001038
20 2 16384     6 0.000366


10 3 16384 13628 0.831787
11 3 16384  7634 0.465942
12 3 16384  2457 0.149963
13 3 16384   503 0.030701
14 3 16384    82 0.005005
15 3 16384    11 0.000671
16 3 16384     0 0.000000
17 3 16384     4 0.000244
18 3 16384     3 0.000183
19 3 16383     3 0.000183
20 3 16384     4 0.000244


10 4 16384 14825 0.904846
11 4 16384  9173 0.559875
12 4 16382  2520 0.153827
13 4 16384   394 0.024048
14 4 16384    37 0.002258
15 4 16384     8 0.000488
16 4 16384     3 0.000183
17 4 16384     5 0.000305
18 4 16384     2 0.000122
19 4 16384     2 0.000122
20 4 16384     4 0.000244


10 5 16384 15611 0.952820
11 5 16384 10265 0.626526
12 5 16384  2780 0.169678
13 5 16384   322 0.019653
14 5 16382    28 0.001709
15 5 16384     4 0.000244
16 5 16384     5 0.000305
17 5 16384     1 0.000061
18 5 16383     8 0.000488
19 5 16383     0 0.000000
20 5 16384     4 0.000244


10 6 16384 15912 0.971191
11 6 16384 11775 0.718689
12 6 16384  3524 0.215088
13 6 16384   308 0.018799
14 6 16384    16 0.000977
15 6 16384     9 0.000549
16 6 16383     5 0.000305
17 6 16384     5 0.000305
18 6 16384     6 0.000366
19 6 16384     2 0.000122
20 6 16384     4 0.000244


10 7 16384 16275 0.993347
11 7 16384 13334 0.813843
12 7 16384  4367 0.266541
13 7 16384   351 0.021423
14 7 16384    13 0.000793
15 7 16384     7 0.000427
16 7 16384     5 0.000305
17 7 16383     5 0.000305
18 7 16384     2 0.000122
19 7 16384     6 0.000366
20 7 16384     4 0.000244


10 8 16384 16384 1.000000
11 8 16384 14258 0.870239
12 8 16384  5247 0.320251
13 8 16384   408 0.024902
14 8 16384    19 0.001160
15 8 16384     1 0.000061
16 8 16384     4 0.000244
17 8 16384     5 0.000305
18 8 16384     5 0.000305
19 8 16384     7 0.000427
20 8 16384     3 0.000183


